0.33333333333333337	0.6363636363636365	0.030303030303030307
0.9682539682539683	0.015873015873015876	0.015873015873015876
0.9622641509433962	0.01886792452830189	0.01886792452830189
0.9682539682539683	0.015873015873015876	0.015873015873015876
0.3333333333333333	0.3333333333333333	0.3333333333333333
0.9622641509433962	0.01886792452830189	0.01886792452830189
0.9622641509433962	0.01886792452830189	0.01886792452830189
0.3333333333333333	0.3333333333333333	0.3333333333333333
0.01886792452830189	0.9622641509433962	0.01886792452830189
0.3333333333333333	0.3333333333333333	0.3333333333333333
0.015873015873015876	0.9682539682539683	0.015873015873015876
0.04347826086956522	0.9130434782608696	0.04347826086956522
0.3333333333333333	0.3333333333333333	0.3333333333333333
0.3333333333333333	0.3333333333333333	0.3333333333333333
0.3333333333333333	0.3333333333333333	0.3333333333333333
0.9534883720930232	0.023255813953488375	0.023255813953488375
0.01886792452830189	0.7735849056603773	0.2075471698113208
0.3333333333333333	0.3333333333333333	0.3333333333333333
0.01886792452830189	0.9622641509433962	0.01886792452830189
0.3333333333333333	0.3333333333333333	0.3333333333333333
0.07692307692307693	0.8461538461538461	0.07692307692307693
0.04347826086956522	0.9130434782608696	0.04347826086956522
0.04347826086956522	0.9130434782608696	0.04347826086956522
0.9130434782608696	0.04347826086956522	0.04347826086956522
0.3333333333333333	0.3333333333333333	0.3333333333333333
0.07692307692307693	0.07692307692307693	0.8461538461538461
0.3333333333333333	0.3333333333333333	0.3333333333333333
0.023255813953488375	0.023255813953488375	0.9534883720930232
0.07692307692307693	0.07692307692307693	0.8461538461538461
0.3333333333333333	0.3333333333333333	0.3333333333333333
0.8461538461538461	0.07692307692307693	0.07692307692307693
0.9393939393939394	0.030303030303030307	0.030303030303030307
0.04347826086956522	0.9130434782608696	0.04347826086956522
0.3333333333333333	0.3333333333333333	0.3333333333333333
0.04347826086956522	0.04347826086956522	0.9130434782608696
0.023255813953488375	0.48837209302325585	0.48837209302325585
0.04347826086956522	0.9130434782608696	0.04347826086956522
0.07692307692307693	0.07692307692307693	0.8461538461538461
0.04347826086956522	0.47826086956521746	0.47826086956521746
0.3333333333333333	0.3333333333333333	0.3333333333333333
0.3333333333333333	0.3333333333333333	0.3333333333333333
0.3333333333333333	0.3333333333333333	0.3333333333333333
0.01886792452830189	0.39622641509433965	0.5849056603773585
0.04347826086956522	0.04347826086956522	0.9130434782608696
0.04347826086956522	0.04347826086956522	0.9130434782608696
0.07692307692307693	0.8461538461538461	0.07692307692307693
0.04347826086956522	0.47826086956521746	0.47826086956521746
0.023255813953488375	0.023255813953488375	0.9534883720930232
0.04347826086956522	0.04347826086956522	0.9130434782608696
0.3333333333333333	0.3333333333333333	0.3333333333333333
0.3333333333333333	0.3333333333333333	0.3333333333333333
0.013698630136986302	0.013698630136986302	0.9726027397260274
0.01075268817204301	0.01075268817204301	0.9784946236559139
0.015873015873015876	0.015873015873015876	0.9682539682539683
0.07692307692307693	0.07692307692307693	0.8461538461538461
0.07692307692307693	0.07692307692307693	0.8461538461538461
0.07692307692307693	0.8461538461538461	0.07692307692307693
0.07692307692307693	0.8461538461538461	0.07692307692307693
0.07692307692307693	0.8461538461538461	0.07692307692307693
0.030303030303030307	0.9393939393939394	0.030303030303030307
0.3333333333333333	0.3333333333333333	0.3333333333333333
0.3333333333333333	0.3333333333333333	0.3333333333333333
0.3333333333333333	0.3333333333333333	0.3333333333333333
0.3333333333333333	0.3333333333333333	0.3333333333333333
0.9130434782608696	0.04347826086956522	0.04347826086956522
0.9534883720930232	0.023255813953488375	0.023255813953488375
0.8461538461538461	0.07692307692307693	0.07692307692307693
0.8461538461538461	0.07692307692307693	0.07692307692307693
0.3333333333333333	0.3333333333333333	0.3333333333333333
0.07692307692307693	0.07692307692307693	0.8461538461538461
0.8461538461538461	0.07692307692307693	0.07692307692307693
0.47826086956521746	0.47826086956521746	0.04347826086956522
0.47826086956521746	0.47826086956521746	0.04347826086956522
0.3333333333333333	0.3333333333333333	0.3333333333333333
0.07692307692307693	0.07692307692307693	0.8461538461538461
0.04347826086956522	0.04347826086956522	0.9130434782608696
0.07692307692307693	0.07692307692307693	0.8461538461538461
0.07692307692307693	0.07692307692307693	0.8461538461538461
0.3333333333333333	0.3333333333333333	0.3333333333333333
0.3333333333333333	0.3333333333333333	0.3333333333333333
0.3333333333333333	0.3333333333333333	0.3333333333333333
0.04347826086956522	0.04347826086956522	0.9130434782608696
0.3333333333333333	0.3333333333333333	0.3333333333333333
0.3333333333333333	0.3333333333333333	0.3333333333333333
0.3333333333333333	0.3333333333333333	0.3333333333333333
0.8461538461538461	0.07692307692307693	0.07692307692307693
0.9393939393939394	0.030303030303030307	0.030303030303030307
0.04347826086956522	0.9130434782608696	0.04347826086956522
0.07692307692307693	0.8461538461538461	0.07692307692307693
0.023255813953488375	0.023255813953488375	0.9534883720930232
0.07692307692307693	0.07692307692307693	0.8461538461538461
0.07692307692307693	0.07692307692307693	0.8461538461538461
0.07692307692307693	0.8461538461538461	0.07692307692307693
0.07692307692307693	0.8461538461538461	0.07692307692307693
0.07692307692307693	0.8461538461538461	0.07692307692307693
0.030303030303030307	0.9393939393939394	0.030303030303030307
0.3333333333333333	0.3333333333333333	0.3333333333333333
0.3333333333333333	0.3333333333333333	0.3333333333333333
0.3333333333333333	0.3333333333333333	0.3333333333333333
0.3333333333333333	0.3333333333333333	0.3333333333333333
0.9130434782608696	0.04347826086956522	0.04347826086956522
0.9534883720930232	0.023255813953488375	0.023255813953488375
0.07692307692307693	0.8461538461538461	0.07692307692307693
0.8461538461538461	0.07692307692307693	0.07692307692307693
0.3333333333333333	0.3333333333333333	0.3333333333333333
0.07692307692307693	0.07692307692307693	0.8461538461538461
0.8461538461538461	0.07692307692307693	0.07692307692307693
0.04347826086956522	0.04347826086956522	0.9130434782608696
0.3333333333333333	0.3333333333333333	0.3333333333333333
0.3333333333333333	0.3333333333333333	0.3333333333333333
0.3333333333333333	0.3333333333333333	0.3333333333333333
