0.1	0.1	0.1	0.1	0.1	0.1	0.1	0.1	0.1	0.1
0.1	0.1	0.1	0.1	0.1	0.1	0.1	0.1	0.1	0.1
0.009090909090909092	0.5545454545454546	0.1	0.009090909090909092	0.19090909090909092	0.1	0.009090909090909092	0.009090909090909092	0.009090909090909092	0.009090909090909092
0.1	0.1	0.1	0.1	0.1	0.1	0.1	0.1	0.1	0.1
0.005555555555555556	0.6166666666666667	0.005555555555555556	0.33888888888888885	0.005555555555555556	0.005555555555555556	0.005555555555555556	0.005555555555555556	0.005555555555555556	0.005555555555555556
0.1	0.1	0.1	0.1	0.1	0.1	0.1	0.1	0.1	0.1
0.1	0.1	0.1	0.1	0.1	0.1	0.1	0.1	0.1	0.1
0.005555555555555556	0.8388888888888889	0.005555555555555556	0.11666666666666667	0.005555555555555556	0.005555555555555556	0.005555555555555556	0.005555555555555556	0.005555555555555556	0.005555555555555556
0.1	0.1	0.1	0.1	0.1	0.1	0.1	0.1	0.1	0.1
0.1	0.1	0.1	0.1	0.1	0.1	0.1	0.1	0.1	0.1
0.1	0.1	0.1	0.1	0.1	0.1	0.1	0.1	0.1	0.1
0.1	0.1	0.1	0.1	0.1	0.1	0.1	0.1	0.1	0.1
0.1	0.1	0.1	0.1	0.1	0.1	0.1	0.1	0.1	0.1
0.1	0.1	0.1	0.1	0.1	0.1	0.1	0.1	0.1	0.1
0.1	0.1	0.1	0.1	0.1	0.1	0.1	0.1	0.1	0.1
0.1	0.1	0.1	0.1	0.1	0.1	0.1	0.1	0.1	0.1
0.01	0.01	0.01	0.9099999999999999	0.01	0.01	0.01	0.01	0.01	0.01
0.1	0.1	0.1	0.1	0.1	0.1	0.1	0.1	0.1	0.1
0.1	0.1	0.1	0.1	0.1	0.1	0.1	0.1	0.1	0.1
0.1	0.1	0.1	0.1	0.1	0.1	0.1	0.1	0.1	0.1
0.1	0.1	0.1	0.1	0.1	0.1	0.1	0.1	0.1	0.1
0.1	0.1	0.1	0.1	0.1	0.1	0.1	0.1	0.1	0.1
0.1	0.1	0.1	0.1	0.1	0.1	0.1	0.1	0.1	0.1
0.1	0.1	0.1	0.1	0.1	0.1	0.1	0.1	0.1	0.1
0.01	0.01	0.01	0.9099999999999999	0.01	0.01	0.01	0.01	0.01	0.01
0.1	0.1	0.1	0.1	0.1	0.1	0.1	0.1	0.1	0.1
0.1	0.1	0.1	0.1	0.1	0.1	0.1	0.1	0.1	0.1
0.1	0.1	0.1	0.1	0.1	0.1	0.1	0.1	0.1	0.1
0.1	0.1	0.1	0.1	0.1	0.1	0.1	0.1	0.1	0.1
0.1	0.1	0.1	0.1	0.1	0.1	0.1	0.1	0.1	0.1
0.1	0.1	0.1	0.1	0.1	0.1	0.1	0.1	0.1	0.1
0.1	0.1	0.1	0.1	0.1	0.1	0.1	0.1	0.1	0.1
0.1	0.1	0.1	0.1	0.1	0.1	0.1	0.1	0.1	0.1
0.1	0.1	0.1	0.1	0.1	0.1	0.1	0.1	0.1	0.1
0.011111111111111112	0.011111111111111112	0.12222222222222223	0.011111111111111112	0.011111111111111112	0.12222222222222223	0.011111111111111112	0.6777777777777777	0.011111111111111112	0.011111111111111112
0.0125	0.0125	0.0125	0.0125	0.3875	0.0125	0.0125	0.5125	0.0125	0.0125
0.1	0.1	0.1	0.1	0.1	0.1	0.1	0.1	0.1	0.1
0.0035714285714285718	0.075	0.0035714285714285718	0.21785714285714283	0.0035714285714285718	0.0035714285714285718	0.0035714285714285718	0.6821428571428572	0.0035714285714285718	0.0035714285714285718
0.1	0.1	0.1	0.1	0.1	0.1	0.1	0.1	0.1	0.1
0.1	0.1	0.1	0.1	0.1	0.1	0.1	0.1	0.1	0.1
0.1	0.1	0.1	0.1	0.1	0.1	0.1	0.1	0.1	0.1
0.1	0.1	0.1	0.1	0.1	0.1	0.1	0.1	0.1	0.1
0.1	0.1	0.1	0.1	0.1	0.1	0.1	0.1	0.1	0.1
0.1	0.1	0.1	0.1	0.1	0.1	0.1	0.1	0.1	0.1
0.1	0.1	0.1	0.1	0.1	0.1	0.1	0.1	0.1	0.1
0.1	0.1	0.1	0.1	0.1	0.1	0.1	0.1	0.1	0.1
0.1	0.1	0.1	0.1	0.1	0.1	0.1	0.1	0.1	0.1
0.1	0.1	0.1	0.1	0.1	0.1	0.1	0.1	0.1	0.1
0.009090909090909092	0.009090909090909092	0.1	0.009090909090909092	0.009090909090909092	0.7363636363636363	0.009090909090909092	0.009090909090909092	0.009090909090909092	0.1
0.1	0.1	0.1	0.1	0.1	0.1	0.1	0.1	0.1	0.1
0.1	0.1	0.1	0.1	0.1	0.1	0.1	0.1	0.1	0.1
0.0058823529411764705	0.0058823529411764705	0.0058823529411764705	0.4764705882352941	0.0058823529411764705	0.4764705882352941	0.0058823529411764705	0.0058823529411764705	0.0058823529411764705	0.0058823529411764705
0.1	0.1	0.1	0.1	0.1	0.1	0.1	0.1	0.1	0.1
0.1	0.1	0.1	0.1	0.1	0.1	0.1	0.1	0.1	0.1
0.025	0.275	0.025	0.025	0.025	0.525	0.025	0.025	0.025	0.025
0.025	0.025	0.025	0.025	0.025	0.775	0.025	0.025	0.025	0.025
0.025	0.025	0.025	0.025	0.025	0.525	0.025	0.275	0.025	0.025
0.025	0.025	0.025	0.025	0.025	0.525	0.025	0.275	0.025	0.025
0.025	0.025	0.025	0.275	0.025	0.525	0.025	0.025	0.025	0.025
0.1	0.1	0.1	0.1	0.1	0.1	0.1	0.1	0.1	0.1
0.1	0.1	0.1	0.1	0.1	0.1	0.1	0.1	0.1	0.1
0.1	0.1	0.1	0.1	0.1	0.1	0.1	0.1	0.1	0.1
0.1	0.1	0.1	0.1	0.1	0.1	0.1	0.1	0.1	0.1
0.011111111111111112	0.011111111111111112	0.011111111111111112	0.011111111111111112	0.12222222222222223	0.7888888888888889	0.011111111111111112	0.011111111111111112	0.011111111111111112	0.011111111111111112
0.1	0.1	0.1	0.1	0.1	0.1	0.1	0.1	0.1	0.1
0.12222222222222223	0.011111111111111112	0.011111111111111112	0.011111111111111112	0.011111111111111112	0.6777777777777777	0.12222222222222223	0.011111111111111112	0.011111111111111112	0.011111111111111112
0.1	0.1	0.1	0.1	0.1	0.1	0.1	0.1	0.1	0.1
0.1	0.1	0.1	0.1	0.1	0.1	0.1	0.1	0.1	0.1
0.011111111111111112	0.011111111111111112	0.011111111111111112	0.011111111111111112	0.011111111111111112	0.8999999999999999	0.011111111111111112	0.011111111111111112	0.011111111111111112	0.011111111111111112
0.011111111111111112	0.011111111111111112	0.011111111111111112	0.011111111111111112	0.011111111111111112	0.8999999999999999	0.011111111111111112	0.011111111111111112	0.011111111111111112	0.011111111111111112
0.1	0.1	0.1	0.1	0.1	0.1	0.1	0.1	0.1	0.1
0.1	0.1	0.1	0.1	0.1	0.1	0.1	0.1	0.1	0.1
0.1	0.1	0.1	0.1	0.1	0.1	0.1	0.1	0.1	0.1
0.011111111111111112	0.011111111111111112	0.011111111111111112	0.011111111111111112	0.011111111111111112	0.8999999999999999	0.011111111111111112	0.011111111111111112	0.011111111111111112	0.011111111111111112
0.011111111111111112	0.011111111111111112	0.011111111111111112	0.011111111111111112	0.011111111111111112	0.8999999999999999	0.011111111111111112	0.011111111111111112	0.011111111111111112	0.011111111111111112
0.1	0.1	0.1	0.1	0.1	0.1	0.1	0.1	0.1	0.1
0.1	0.1	0.1	0.1	0.1	0.1	0.1	0.1	0.1	0.1
0.1	0.1	0.1	0.1	0.1	0.1	0.1	0.1	0.1	0.1
0.011111111111111112	0.011111111111111112	0.011111111111111112	0.12222222222222223	0.011111111111111112	0.7888888888888889	0.011111111111111112	0.011111111111111112	0.011111111111111112	0.011111111111111112
0.1	0.1	0.1	0.1	0.1	0.1	0.1	0.1	0.1	0.1
0.011111111111111112	0.011111111111111112	0.011111111111111112	0.011111111111111112	0.011111111111111112	0.8999999999999999	0.011111111111111112	0.011111111111111112	0.011111111111111112	0.011111111111111112
0.1	0.1	0.1	0.1	0.1	0.1	0.1	0.1	0.1	0.1
0.1	0.1	0.1	0.1	0.1	0.1	0.1	0.1	0.1	0.1
0.1	0.1	0.1	0.1	0.1	0.1	0.1	0.1	0.1	0.1
0.1	0.1	0.1	0.1	0.1	0.1	0.1	0.1	0.1	0.1
0.1	0.1	0.1	0.1	0.1	0.1	0.1	0.1	0.1	0.1
0.01	0.01	0.01	0.01	0.11000000000000001	0.71	0.01	0.11000000000000001	0.01	0.01
0.01	0.01	0.01	0.01	0.01	0.71	0.11000000000000001	0.11000000000000001	0.01	0.01
0.1	0.1	0.1	0.1	0.1	0.1	0.1	0.1	0.1	0.1
0.01	0.01	0.01	0.01	0.01	0.9099999999999999	0.01	0.01	0.01	0.01
0.1	0.1	0.1	0.1	0.1	0.1	0.1	0.1	0.1	0.1
0.1	0.1	0.1	0.1	0.1	0.1	0.1	0.1	0.1	0.1
0.1	0.1	0.1	0.1	0.1	0.1	0.1	0.1	0.1	0.1
0.1	0.1	0.1	0.1	0.1	0.1	0.1	0.1	0.1	0.1
0.01	0.01	0.01	0.01	0.01	0.71	0.11000000000000001	0.11000000000000001	0.01	0.01
0.01	0.01	0.01	0.01	0.11000000000000001	0.8099999999999999	0.01	0.01	0.01	0.01
0.1	0.1	0.1	0.1	0.1	0.1	0.1	0.1	0.1	0.1
0.01	0.01	0.01	0.01	0.01	0.9099999999999999	0.01	0.01	0.01	0.01
0.01	0.01	0.01	0.11000000000000001	0.01	0.8099999999999999	0.01	0.01	0.01	0.01
0.1	0.1	0.1	0.1	0.1	0.1	0.1	0.1	0.1	0.1
0.01	0.01	0.01	0.9099999999999999	0.01	0.01	0.01	0.01	0.01	0.01
0.01	0.01	0.01	0.9099999999999999	0.01	0.01	0.01	0.01	0.01	0.01
0.1	0.1	0.1	0.1	0.1	0.1	0.1	0.1	0.1	0.1
0.1	0.1	0.1	0.1	0.1	0.1	0.1	0.1	0.1	0.1
0.1	0.1	0.1	0.1	0.1	0.1	0.1	0.1	0.1	0.1
0.1	0.1	0.1	0.1	0.1	0.1	0.1	0.1	0.1	0.1
0.1	0.1	0.1	0.1	0.1	0.1	0.1	0.1	0.1	0.1
0.1	0.1	0.1	0.1	0.1	0.1	0.1	0.1	0.1	0.1
0.1	0.1	0.1	0.1	0.1	0.1	0.1	0.1	0.1	0.1
0.1	0.1	0.1	0.1	0.1	0.1	0.1	0.1	0.1	0.1
0.02	0.02	0.62	0.02	0.22000000000000003	0.02	0.02	0.02	0.02	0.02
0.1	0.1	0.1	0.1	0.1	0.1	0.1	0.1	0.1	0.1
0.1	0.1	0.1	0.1	0.1	0.1	0.1	0.1	0.1	0.1
0.02	0.02	0.82	0.02	0.02	0.02	0.02	0.02	0.02	0.02
0.1	0.1	0.1	0.1	0.1	0.1	0.1	0.1	0.1	0.1
0.02	0.02	0.62	0.02	0.02	0.02	0.02	0.02	0.02	0.22000000000000003
0.1	0.1	0.1	0.1	0.1	0.1	0.1	0.1	0.1	0.1
0.02	0.42000000000000004	0.22000000000000003	0.22000000000000003	0.02	0.02	0.02	0.02	0.02	0.02
0.1	0.1	0.1	0.1	0.1	0.1	0.1	0.1	0.1	0.1
0.02	0.02	0.82	0.02	0.02	0.02	0.02	0.02	0.02	0.02
0.1	0.1	0.1	0.1	0.1	0.1	0.1	0.1	0.1	0.1
0.42000000000000004	0.02	0.42000000000000004	0.02	0.02	0.02	0.02	0.02	0.02	0.02
0.1	0.1	0.1	0.1	0.1	0.1	0.1	0.1	0.1	0.1
0.1	0.1	0.1	0.1	0.1	0.1	0.1	0.1	0.1	0.1
0.05	0.05	0.55	0.05	0.05	0.05	0.05	0.05	0.05	0.05
0.05	0.05	0.05	0.05	0.05	0.05	0.05	0.05	0.05	0.55
0.05	0.55	0.05	0.05	0.05	0.05	0.05	0.05	0.05	0.05
0.05	0.05	0.55	0.05	0.05	0.05	0.05	0.05	0.05	0.05
0.55	0.05	0.05	0.05	0.05	0.05	0.05	0.05	0.05	0.05
0.1	0.1	0.1	0.1	0.1	0.1	0.1	0.1	0.1	0.1
0.1	0.1	0.1	0.1	0.1	0.1	0.1	0.1	0.1	0.1
0.1	0.1	0.1	0.1	0.1	0.1	0.1	0.1	0.1	0.1
0.1	0.1	0.1	0.1	0.1	0.1	0.1	0.1	0.1	0.1
0.1	0.1	0.1	0.1	0.1	0.1	0.1	0.1	0.1	0.1
0.1	0.1	0.1	0.1	0.1	0.1	0.1	0.1	0.1	0.1
0.02	0.02	0.62	0.02	0.22000000000000003	0.02	0.02	0.02	0.02	0.02
0.02	0.02	0.42000000000000004	0.02	0.02	0.22000000000000003	0.02	0.02	0.02	0.22000000000000003
0.02	0.02	0.62	0.02	0.02	0.22000000000000003	0.02	0.02	0.02	0.02
0.02	0.22000000000000003	0.42000000000000004	0.02	0.02	0.02	0.22000000000000003	0.02	0.02	0.02
0.1	0.1	0.1	0.1	0.1	0.1	0.1	0.1	0.1	0.1
0.1	0.1	0.1	0.1	0.1	0.1	0.1	0.1	0.1	0.1
0.1	0.1	0.1	0.1	0.1	0.1	0.1	0.1	0.1	0.1
0.1	0.1	0.1	0.1	0.1	0.1	0.1	0.1	0.1	0.1
0.02	0.02	0.42000000000000004	0.02	0.02	0.02	0.42000000000000004	0.02	0.02	0.02
0.02	0.02	0.22000000000000003	0.22000000000000003	0.02	0.22000000000000003	0.02	0.02	0.02	0.22000000000000003
0.02	0.02	0.62	0.02	0.02	0.22000000000000003	0.02	0.02	0.02	0.02
0.02	0.02	0.22000000000000003	0.62	0.02	0.02	0.02	0.02	0.02	0.02
0.02	0.02	0.42000000000000004	0.02	0.02	0.22000000000000003	0.02	0.02	0.02	0.22000000000000003
0.1	0.1	0.1	0.1	0.1	0.1	0.1	0.1	0.1	0.1
0.1	0.1	0.1	0.1	0.1	0.1	0.1	0.1	0.1	0.1
0.1	0.1	0.1	0.1	0.1	0.1	0.1	0.1	0.1	0.1
0.1	0.1	0.1	0.1	0.1	0.1	0.1	0.1	0.1	0.1
0.1	0.1	0.1	0.1	0.1	0.1	0.1	0.1	0.1	0.1
0.1	0.1	0.1	0.1	0.1	0.1	0.1	0.1	0.1	0.1
0.1	0.1	0.1	0.1	0.1	0.1	0.1	0.1	0.1	0.1
0.1	0.1	0.1	0.1	0.1	0.1	0.1	0.1	0.1	0.1
0.1	0.1	0.1	0.1	0.1	0.1	0.1	0.1	0.1	0.1
0.1	0.1	0.1	0.1	0.1	0.1	0.1	0.1	0.1	0.1
0.1	0.1	0.1	0.1	0.1	0.1	0.1	0.1	0.1	0.1
0.004347826086956522	0.7434782608695653	0.004347826086956522	0.13478260869565217	0.09130434782608696	0.004347826086956522	0.004347826086956522	0.004347826086956522	0.004347826086956522	0.004347826086956522
0.1	0.1	0.1	0.1	0.1	0.1	0.1	0.1	0.1	0.1
0.1	0.1	0.1	0.1	0.1	0.1	0.1	0.1	0.1	0.1
0.1	0.1	0.1	0.1	0.1	0.1	0.1	0.1	0.1	0.1
0.006666666666666667	0.006666666666666667	0.006666666666666667	0.20666666666666667	0.006666666666666667	0.006666666666666667	0.006666666666666667	0.74	0.006666666666666667	0.006666666666666667
0.1	0.1	0.1	0.1	0.1	0.1	0.1	0.1	0.1	0.1
0.1	0.1	0.1	0.1	0.1	0.1	0.1	0.1	0.1	0.1
0.1	0.1	0.1	0.1	0.1	0.1	0.1	0.1	0.1	0.1
0.1	0.1	0.1	0.1	0.1	0.1	0.1	0.1	0.1	0.1
0.009090909090909092	0.009090909090909092	0.009090909090909092	0.4636363636363636	0.009090909090909092	0.4636363636363636	0.009090909090909092	0.009090909090909092	0.009090909090909092	0.009090909090909092
0.1	0.1	0.1	0.1	0.1	0.1	0.1	0.1	0.1	0.1
0.1	0.1	0.1	0.1	0.1	0.1	0.1	0.1	0.1	0.1
0.1	0.1	0.1	0.1	0.1	0.1	0.1	0.1	0.1	0.1
0.1	0.1	0.1	0.1	0.1	0.1	0.1	0.1	0.1	0.1
0.1	0.1	0.1	0.1	0.1	0.1	0.1	0.1	0.1	0.1
0.1	0.1	0.1	0.1	0.1	0.1	0.1	0.1	0.1	0.1
0.016666666666666666	0.18333333333333335	0.016666666666666666	0.6833333333333332	0.016666666666666666	0.016666666666666666	0.016666666666666666	0.016666666666666666	0.016666666666666666	0.016666666666666666
0.1	0.1	0.1	0.1	0.1	0.1	0.1	0.1	0.1	0.1
0.1	0.1	0.1	0.1	0.1	0.1	0.1	0.1	0.1	0.1
0.016666666666666666	0.016666666666666666	0.016666666666666666	0.85	0.016666666666666666	0.016666666666666666	0.016666666666666666	0.016666666666666666	0.016666666666666666	0.016666666666666666
0.1	0.1	0.1	0.1	0.1	0.1	0.1	0.1	0.1	0.1
0.1	0.1	0.1	0.1	0.1	0.1	0.1	0.1	0.1	0.1
0.1	0.1	0.1	0.1	0.1	0.1	0.1	0.1	0.1	0.1
0.1	0.1	0.1	0.1	0.1	0.1	0.1	0.1	0.1	0.1
0.1	0.1	0.1	0.1	0.1	0.1	0.1	0.1	0.1	0.1
0.03333333333333333	0.03333333333333333	0.03333333333333333	0.03333333333333333	0.03333333333333333	0.7000000000000001	0.03333333333333333	0.03333333333333333	0.03333333333333333	0.03333333333333333
0.1	0.1	0.1	0.1	0.1	0.1	0.1	0.1	0.1	0.1
0.1	0.1	0.1	0.1	0.1	0.1	0.1	0.1	0.1	0.1
0.1	0.1	0.1	0.1	0.1	0.1	0.1	0.1	0.1	0.1
0.1	0.1	0.1	0.1	0.1	0.1	0.1	0.1	0.1	0.1
0.1	0.1	0.1	0.1	0.1	0.1	0.1	0.1	0.1	0.1
0.1	0.1	0.1	0.1	0.1	0.1	0.1	0.1	0.1	0.1
0.02	0.02	0.82	0.02	0.02	0.02	0.02	0.02	0.02	0.02
0.1	0.1	0.1	0.1	0.1	0.1	0.1	0.1	0.1	0.1
0.025	0.025	0.025	0.025	0.025	0.025	0.775	0.025	0.025	0.025
0.05	0.05	0.05	0.05	0.05	0.05	0.05	0.05	0.05	0.55
0.55	0.05	0.05	0.05	0.05	0.05	0.05	0.05	0.05	0.05
0.03333333333333333	0.03333333333333333	0.03333333333333333	0.03333333333333333	0.03333333333333333	0.03333333333333333	0.03333333333333333	0.7000000000000001	0.03333333333333333	0.03333333333333333
0.05	0.05	0.05	0.05	0.05	0.05	0.05	0.05	0.05	0.55
0.03333333333333333	0.03333333333333333	0.03333333333333333	0.03333333333333333	0.03333333333333333	0.03333333333333333	0.7000000000000001	0.03333333333333333	0.03333333333333333	0.03333333333333333
0.05	0.05	0.05	0.05	0.05	0.05	0.05	0.05	0.05	0.55
0.1	0.1	0.1	0.1	0.1	0.1	0.1	0.1	0.1	0.1
0.775	0.025	0.025	0.025	0.025	0.025	0.025	0.025	0.025	0.025
0.05	0.05	0.05	0.05	0.05	0.05	0.05	0.05	0.55	0.05
0.05	0.05	0.05	0.05	0.05	0.05	0.05	0.05	0.55	0.05
0.05	0.05	0.05	0.05	0.05	0.05	0.05	0.05	0.55	0.05
0.1	0.1	0.1	0.1	0.1	0.1	0.1	0.1	0.1	0.1
0.1	0.1	0.1	0.1	0.1	0.1	0.1	0.1	0.1	0.1
0.1	0.1	0.1	0.1	0.1	0.1	0.1	0.1	0.1	0.1
0.1	0.1	0.1	0.1	0.1	0.1	0.1	0.1	0.1	0.1
0.1	0.1	0.1	0.1	0.1	0.1	0.1	0.1	0.1	0.1
0.1	0.1	0.1	0.1	0.1	0.1	0.1	0.1	0.1	0.1
0.1	0.1	0.1	0.1	0.1	0.1	0.1	0.1	0.1	0.1
0.1	0.1	0.1	0.1	0.1	0.1	0.1	0.1	0.1	0.1
0.1	0.1	0.1	0.1	0.1	0.1	0.1	0.1	0.1	0.1
0.1	0.1	0.1	0.1	0.1	0.1	0.1	0.1	0.1	0.1
0.1	0.1	0.1	0.1	0.1	0.1	0.1	0.1	0.1	0.1
0.1	0.1	0.1	0.1	0.1	0.1	0.1	0.1	0.1	0.1
0.1	0.1	0.1	0.1	0.1	0.1	0.1	0.1	0.1	0.1
0.1	0.1	0.1	0.1	0.1	0.1	0.1	0.1	0.1	0.1
0.1	0.1	0.1	0.1	0.1	0.1	0.1	0.1	0.1	0.1
0.1	0.1	0.1	0.1	0.1	0.1	0.1	0.1	0.1	0.1
0.1	0.1	0.1	0.1	0.1	0.1	0.1	0.1	0.1	0.1
0.02	0.22000000000000003	0.62	0.02	0.02	0.02	0.02	0.02	0.02	0.02
0.1	0.1	0.1	0.1	0.1	0.1	0.1	0.1	0.1	0.1
0.025	0.025	0.025	0.025	0.025	0.025	0.775	0.025	0.025	0.025
0.05	0.05	0.05	0.05	0.05	0.05	0.05	0.05	0.05	0.55
0.55	0.05	0.05	0.05	0.05	0.05	0.05	0.05	0.05	0.05
0.03333333333333333	0.03333333333333333	0.03333333333333333	0.3666666666666667	0.03333333333333333	0.03333333333333333	0.03333333333333333	0.3666666666666667	0.03333333333333333	0.03333333333333333
0.05	0.05	0.05	0.05	0.05	0.05	0.05	0.05	0.05	0.55
0.03333333333333333	0.03333333333333333	0.03333333333333333	0.03333333333333333	0.03333333333333333	0.03333333333333333	0.7000000000000001	0.03333333333333333	0.03333333333333333	0.03333333333333333
0.05	0.05	0.05	0.05	0.05	0.05	0.05	0.05	0.05	0.55
0.1	0.1	0.1	0.1	0.1	0.1	0.1	0.1	0.1	0.1
0.775	0.025	0.025	0.025	0.025	0.025	0.025	0.025	0.025	0.025
0.05	0.05	0.05	0.05	0.05	0.05	0.05	0.05	0.55	0.05
0.05	0.05	0.05	0.05	0.05	0.05	0.05	0.05	0.55	0.05
0.05	0.05	0.05	0.05	0.05	0.05	0.05	0.05	0.55	0.05
0.1	0.1	0.1	0.1	0.1	0.1	0.1	0.1	0.1	0.1
0.1	0.1	0.1	0.1	0.1	0.1	0.1	0.1	0.1	0.1
0.1	0.1	0.1	0.1	0.1	0.1	0.1	0.1	0.1	0.1
0.1	0.1	0.1	0.1	0.1	0.1	0.1	0.1	0.1	0.1
0.1	0.1	0.1	0.1	0.1	0.1	0.1	0.1	0.1	0.1
0.1	0.1	0.1	0.1	0.1	0.1	0.1	0.1	0.1	0.1
0.1	0.1	0.1	0.1	0.1	0.1	0.1	0.1	0.1	0.1
0.1	0.1	0.1	0.1	0.1	0.1	0.1	0.1	0.1	0.1
0.1	0.1	0.1	0.1	0.1	0.1	0.1	0.1	0.1	0.1
0.1	0.1	0.1	0.1	0.1	0.1	0.1	0.1	0.1	0.1
0.1	0.1	0.1	0.1	0.1	0.1	0.1	0.1	0.1	0.1
0.1	0.1	0.1	0.1	0.1	0.1	0.1	0.1	0.1	0.1
0.1	0.1	0.1	0.1	0.1	0.1	0.1	0.1	0.1	0.1
0.1	0.1	0.1	0.1	0.1	0.1	0.1	0.1	0.1	0.1
0.1	0.1	0.1	0.1	0.1	0.1	0.1	0.1	0.1	0.1
0.1	0.1	0.1	0.1	0.1	0.1	0.1	0.1	0.1	0.1
0.1	0.1	0.1	0.1	0.1	0.1	0.1	0.1	0.1	0.1
0.1	0.1	0.1	0.1	0.1	0.1	0.1	0.1	0.1	0.1
0.1	0.1	0.1	0.1	0.1	0.1	0.1	0.1	0.1	0.1
0.1	0.1	0.1	0.1	0.1	0.1	0.1	0.1	0.1	0.1
0.02	0.02	0.82	0.02	0.02	0.02	0.02	0.02	0.02	0.02
0.025	0.025	0.025	0.025	0.025	0.025	0.775	0.025	0.025	0.025
0.05	0.05	0.05	0.05	0.05	0.05	0.05	0.05	0.05	0.55
0.55	0.05	0.05	0.05	0.05	0.05	0.05	0.05	0.05	0.05
0.03333333333333333	0.03333333333333333	0.03333333333333333	0.03333333333333333	0.03333333333333333	0.03333333333333333	0.3666666666666667	0.3666666666666667	0.03333333333333333	0.03333333333333333
0.05	0.05	0.05	0.05	0.05	0.05	0.05	0.05	0.05	0.55
0.03333333333333333	0.03333333333333333	0.03333333333333333	0.03333333333333333	0.03333333333333333	0.03333333333333333	0.3666666666666667	0.3666666666666667	0.03333333333333333	0.03333333333333333
0.1	0.1	0.1	0.1	0.1	0.1	0.1	0.1	0.1	0.1
0.1	0.1	0.1	0.1	0.1	0.1	0.1	0.1	0.1	0.1
0.05	0.05	0.05	0.05	0.05	0.05	0.05	0.05	0.05	0.55
0.775	0.025	0.025	0.025	0.025	0.025	0.025	0.025	0.025	0.025
0.05	0.05	0.05	0.05	0.05	0.05	0.05	0.05	0.55	0.05
0.05	0.05	0.05	0.05	0.05	0.05	0.05	0.05	0.55	0.05
0.1	0.1	0.1	0.1	0.1	0.1	0.1	0.1	0.1	0.1
0.1	0.1	0.1	0.1	0.1	0.1	0.1	0.1	0.1	0.1
0.1	0.1	0.1	0.1	0.1	0.1	0.1	0.1	0.1	0.1
0.1	0.1	0.1	0.1	0.1	0.1	0.1	0.1	0.1	0.1
0.1	0.1	0.1	0.1	0.1	0.1	0.1	0.1	0.1	0.1
0.1	0.1	0.1	0.1	0.1	0.1	0.1	0.1	0.1	0.1
0.1	0.1	0.1	0.1	0.1	0.1	0.1	0.1	0.1	0.1
0.1	0.1	0.1	0.1	0.1	0.1	0.1	0.1	0.1	0.1
0.1	0.1	0.1	0.1	0.1	0.1	0.1	0.1	0.1	0.1
0.1	0.1	0.1	0.1	0.1	0.1	0.1	0.1	0.1	0.1
0.1	0.1	0.1	0.1	0.1	0.1	0.1	0.1	0.1	0.1
0.1	0.1	0.1	0.1	0.1	0.1	0.1	0.1	0.1	0.1
0.02	0.02	0.82	0.02	0.02	0.02	0.02	0.02	0.02	0.02
0.02	0.02	0.02	0.22000000000000003	0.02	0.02	0.62	0.02	0.02	0.02
0.05	0.05	0.05	0.05	0.05	0.05	0.05	0.05	0.05	0.55
0.05	0.05	0.05	0.05	0.05	0.05	0.05	0.05	0.05	0.55
0.05	0.05	0.05	0.05	0.05	0.05	0.05	0.05	0.55	0.05
0.05	0.05	0.05	0.05	0.05	0.05	0.05	0.05	0.05	0.55
0.016666666666666666	0.016666666666666666	0.18333333333333335	0.016666666666666666	0.016666666666666666	0.18333333333333335	0.016666666666666666	0.016666666666666666	0.016666666666666666	0.5166666666666667
0.7000000000000001	0.03333333333333333	0.03333333333333333	0.03333333333333333	0.03333333333333333	0.03333333333333333	0.03333333333333333	0.03333333333333333	0.03333333333333333	0.03333333333333333
0.1	0.1	0.1	0.1	0.1	0.1	0.1	0.1	0.1	0.1
0.016666666666666666	0.016666666666666666	0.016666666666666666	0.016666666666666666	0.016666666666666666	0.5166666666666667	0.18333333333333335	0.016666666666666666	0.18333333333333335	0.016666666666666666
0.05	0.05	0.05	0.05	0.05	0.05	0.05	0.05	0.55	0.05
0.05	0.05	0.05	0.05	0.05	0.05	0.05	0.05	0.55	0.05
0.1	0.1	0.1	0.1	0.1	0.1	0.1	0.1	0.1	0.1
0.1	0.1	0.1	0.1	0.1	0.1	0.1	0.1	0.1	0.1
0.1	0.1	0.1	0.1	0.1	0.1	0.1	0.1	0.1	0.1
0.1	0.1	0.1	0.1	0.1	0.1	0.1	0.1	0.1	0.1
0.1	0.1	0.1	0.1	0.1	0.1	0.1	0.1	0.1	0.1
0.1	0.1	0.1	0.1	0.1	0.1	0.1	0.1	0.1	0.1
0.1	0.1	0.1	0.1	0.1	0.1	0.1	0.1	0.1	0.1
0.1	0.1	0.1	0.1	0.1	0.1	0.1	0.1	0.1	0.1
0.1	0.1	0.1	0.1	0.1	0.1	0.1	0.1	0.1	0.1
0.1	0.1	0.1	0.1	0.1	0.1	0.1	0.1	0.1	0.1
0.1	0.1	0.1	0.1	0.1	0.1	0.1	0.1	0.1	0.1
0.1	0.1	0.1	0.1	0.1	0.1	0.1	0.1	0.1	0.1
0.1	0.1	0.1	0.1	0.1	0.1	0.1	0.1	0.1	0.1
0.02	0.02	0.82	0.02	0.02	0.02	0.02	0.02	0.02	0.02
0.02	0.02	0.02	0.02	0.42000000000000004	0.02	0.42000000000000004	0.02	0.02	0.02
0.05	0.05	0.05	0.05	0.05	0.05	0.05	0.05	0.05	0.55
0.05	0.05	0.05	0.05	0.05	0.05	0.05	0.05	0.05	0.55
0.05	0.05	0.05	0.05	0.05	0.05	0.05	0.05	0.55	0.05
0.05	0.05	0.05	0.05	0.05	0.05	0.05	0.05	0.05	0.55
0.02	0.02	0.02	0.02	0.02	0.02	0.02	0.02	0.02	0.82
0.7000000000000001	0.03333333333333333	0.03333333333333333	0.03333333333333333	0.03333333333333333	0.03333333333333333	0.03333333333333333	0.03333333333333333	0.03333333333333333	0.03333333333333333
0.1	0.1	0.1	0.1	0.1	0.1	0.1	0.1	0.1	0.1
0.18333333333333335	0.016666666666666666	0.016666666666666666	0.016666666666666666	0.016666666666666666	0.5166666666666667	0.016666666666666666	0.016666666666666666	0.18333333333333335	0.016666666666666666
0.05	0.05	0.05	0.05	0.05	0.05	0.05	0.05	0.55	0.05
0.05	0.05	0.05	0.05	0.05	0.05	0.05	0.05	0.55	0.05
0.1	0.1	0.1	0.1	0.1	0.1	0.1	0.1	0.1	0.1
0.1	0.1	0.1	0.1	0.1	0.1	0.1	0.1	0.1	0.1
0.1	0.1	0.1	0.1	0.1	0.1	0.1	0.1	0.1	0.1
0.1	0.1	0.1	0.1	0.1	0.1	0.1	0.1	0.1	0.1
0.1	0.1	0.1	0.1	0.1	0.1	0.1	0.1	0.1	0.1
0.1	0.1	0.1	0.1	0.1	0.1	0.1	0.1	0.1	0.1
0.1	0.1	0.1	0.1	0.1	0.1	0.1	0.1	0.1	0.1
0.1	0.1	0.1	0.1	0.1	0.1	0.1	0.1	0.1	0.1
0.1	0.1	0.1	0.1	0.1	0.1	0.1	0.1	0.1	0.1
0.1	0.1	0.1	0.1	0.1	0.1	0.1	0.1	0.1	0.1
0.1	0.1	0.1	0.1	0.1	0.1	0.1	0.1	0.1	0.1
0.02	0.02	0.82	0.02	0.02	0.02	0.02	0.02	0.02	0.02
0.02	0.02	0.02	0.22000000000000003	0.02	0.02	0.62	0.02	0.02	0.02
0.05	0.05	0.05	0.05	0.05	0.05	0.05	0.05	0.05	0.55
0.05	0.05	0.05	0.05	0.05	0.05	0.05	0.05	0.05	0.55
0.05	0.05	0.05	0.05	0.05	0.05	0.05	0.05	0.55	0.05
0.05	0.05	0.05	0.05	0.05	0.05	0.05	0.05	0.05	0.55
0.016666666666666666	0.016666666666666666	0.016666666666666666	0.016666666666666666	0.016666666666666666	0.016666666666666666	0.016666666666666666	0.18333333333333335	0.016666666666666666	0.6833333333333332
0.7000000000000001	0.03333333333333333	0.03333333333333333	0.03333333333333333	0.03333333333333333	0.03333333333333333	0.03333333333333333	0.03333333333333333	0.03333333333333333	0.03333333333333333
0.1	0.1	0.1	0.1	0.1	0.1	0.1	0.1	0.1	0.1
0.18333333333333335	0.016666666666666666	0.016666666666666666	0.016666666666666666	0.016666666666666666	0.5166666666666667	0.016666666666666666	0.016666666666666666	0.18333333333333335	0.016666666666666666
0.05	0.05	0.05	0.05	0.05	0.05	0.05	0.05	0.55	0.05
0.05	0.05	0.05	0.05	0.05	0.05	0.05	0.05	0.55	0.05
0.1	0.1	0.1	0.1	0.1	0.1	0.1	0.1	0.1	0.1
0.1	0.1	0.1	0.1	0.1	0.1	0.1	0.1	0.1	0.1
0.1	0.1	0.1	0.1	0.1	0.1	0.1	0.1	0.1	0.1
0.1	0.1	0.1	0.1	0.1	0.1	0.1	0.1	0.1	0.1
0.1	0.1	0.1	0.1	0.1	0.1	0.1	0.1	0.1	0.1
0.1	0.1	0.1	0.1	0.1	0.1	0.1	0.1	0.1	0.1
0.1	0.1	0.1	0.1	0.1	0.1	0.1	0.1	0.1	0.1
0.1	0.1	0.1	0.1	0.1	0.1	0.1	0.1	0.1	0.1
0.1	0.1	0.1	0.1	0.1	0.1	0.1	0.1	0.1	0.1
0.02	0.02	0.62	0.02	0.02	0.02	0.02	0.02	0.22000000000000003	0.02
0.025	0.025	0.025	0.025	0.025	0.275	0.525	0.025	0.025	0.025
0.05	0.05	0.05	0.05	0.05	0.05	0.05	0.05	0.05	0.55
0.05	0.05	0.05	0.05	0.05	0.05	0.05	0.05	0.05	0.55
0.05	0.05	0.05	0.05	0.05	0.05	0.05	0.05	0.55	0.05
0.05	0.05	0.05	0.05	0.05	0.05	0.05	0.05	0.05	0.55
0.02	0.42000000000000004	0.02	0.02	0.02	0.02	0.02	0.02	0.02	0.42000000000000004
0.7000000000000001	0.03333333333333333	0.03333333333333333	0.03333333333333333	0.03333333333333333	0.03333333333333333	0.03333333333333333	0.03333333333333333	0.03333333333333333	0.03333333333333333
0.1	0.1	0.1	0.1	0.1	0.1	0.1	0.1	0.1	0.1
0.025	0.025	0.025	0.025	0.025	0.025	0.025	0.025	0.775	0.025
0.05	0.05	0.05	0.05	0.05	0.05	0.05	0.05	0.55	0.05
0.05	0.05	0.05	0.05	0.05	0.05	0.05	0.05	0.55	0.05
0.1	0.1	0.1	0.1	0.1	0.1	0.1	0.1	0.1	0.1
0.1	0.1	0.1	0.1	0.1	0.1	0.1	0.1	0.1	0.1
0.1	0.1	0.1	0.1	0.1	0.1	0.1	0.1	0.1	0.1
0.1	0.1	0.1	0.1	0.1	0.1	0.1	0.1	0.1	0.1
0.1	0.1	0.1	0.1	0.1	0.1	0.1	0.1	0.1	0.1
0.1	0.1	0.1	0.1	0.1	0.1	0.1	0.1	0.1	0.1
0.1	0.1	0.1	0.1	0.1	0.1	0.1	0.1	0.1	0.1
0.02	0.02	0.82	0.02	0.02	0.02	0.02	0.02	0.02	0.02
0.025	0.025	0.025	0.025	0.025	0.025	0.525	0.025	0.025	0.275
0.05	0.05	0.05	0.05	0.05	0.05	0.05	0.05	0.05	0.55
0.05	0.05	0.05	0.05	0.05	0.05	0.05	0.05	0.05	0.55
0.05	0.05	0.05	0.05	0.05	0.05	0.05	0.05	0.55	0.05
0.05	0.05	0.05	0.05	0.05	0.05	0.05	0.05	0.05	0.55
0.02	0.02	0.22000000000000003	0.22000000000000003	0.02	0.02	0.02	0.02	0.02	0.42000000000000004
0.7000000000000001	0.03333333333333333	0.03333333333333333	0.03333333333333333	0.03333333333333333	0.03333333333333333	0.03333333333333333	0.03333333333333333	0.03333333333333333	0.03333333333333333
0.1	0.1	0.1	0.1	0.1	0.1	0.1	0.1	0.1	0.1
0.025	0.025	0.025	0.025	0.025	0.025	0.025	0.025	0.775	0.025
0.05	0.05	0.05	0.05	0.05	0.05	0.05	0.05	0.55	0.05
0.05	0.05	0.05	0.05	0.05	0.05	0.05	0.05	0.55	0.05
0.1	0.1	0.1	0.1	0.1	0.1	0.1	0.1	0.1	0.1
0.1	0.1	0.1	0.1	0.1	0.1	0.1	0.1	0.1	0.1
0.1	0.1	0.1	0.1	0.1	0.1	0.1	0.1	0.1	0.1
0.1	0.1	0.1	0.1	0.1	0.1	0.1	0.1	0.1	0.1
0.1	0.1	0.1	0.1	0.1	0.1	0.1	0.1	0.1	0.1
0.1	0.1	0.1	0.1	0.1	0.1	0.1	0.1	0.1	0.1
0.22000000000000003	0.02	0.62	0.02	0.02	0.02	0.02	0.02	0.02	0.02
0.025	0.025	0.025	0.025	0.025	0.275	0.525	0.025	0.025	0.025
0.05	0.05	0.05	0.05	0.05	0.05	0.05	0.05	0.05	0.55
0.05	0.05	0.05	0.05	0.05	0.05	0.05	0.05	0.05	0.55
0.05	0.05	0.05	0.05	0.05	0.05	0.05	0.05	0.55	0.05
0.05	0.05	0.05	0.05	0.05	0.05	0.05	0.05	0.05	0.55
0.02	0.02	0.02	0.02	0.02	0.02	0.02	0.02	0.02	0.82
0.7000000000000001	0.03333333333333333	0.03333333333333333	0.03333333333333333	0.03333333333333333	0.03333333333333333	0.03333333333333333	0.03333333333333333	0.03333333333333333	0.03333333333333333
0.1	0.1	0.1	0.1	0.1	0.1	0.1	0.1	0.1	0.1
0.025	0.025	0.025	0.025	0.025	0.025	0.025	0.025	0.775	0.025
0.05	0.05	0.05	0.05	0.05	0.05	0.05	0.05	0.55	0.05
0.05	0.05	0.05	0.05	0.05	0.05	0.05	0.05	0.55	0.05
0.1	0.1	0.1	0.1	0.1	0.1	0.1	0.1	0.1	0.1
0.1	0.1	0.1	0.1	0.1	0.1	0.1	0.1	0.1	0.1
0.1	0.1	0.1	0.1	0.1	0.1	0.1	0.1	0.1	0.1
0.1	0.1	0.1	0.1	0.1	0.1	0.1	0.1	0.1	0.1
0.1	0.1	0.1	0.1	0.1	0.1	0.1	0.1	0.1	0.1
0.1	0.1	0.1	0.1	0.1	0.1	0.1	0.1	0.1	0.1
0.1	0.1	0.1	0.1	0.1	0.1	0.1	0.1	0.1	0.1
0.1	0.1	0.1	0.1	0.1	0.1	0.1	0.1	0.1	0.1
0.1	0.1	0.1	0.1	0.1	0.1	0.1	0.1	0.1	0.1
0.1	0.1	0.1	0.1	0.1	0.1	0.1	0.1	0.1	0.1
0.1	0.1	0.1	0.1	0.1	0.1	0.1	0.1	0.1	0.1
0.01	0.01	0.01	0.01	0.01	0.01	0.01	0.9099999999999999	0.01	0.01
0.1	0.1	0.1	0.1	0.1	0.1	0.1	0.1	0.1	0.1
0.02	0.62	0.02	0.02	0.02	0.02	0.02	0.22000000000000003	0.02	0.02
0.016666666666666666	0.6833333333333332	0.016666666666666666	0.016666666666666666	0.016666666666666666	0.016666666666666666	0.18333333333333335	0.016666666666666666	0.016666666666666666	0.016666666666666666
0.016666666666666666	0.016666666666666666	0.016666666666666666	0.016666666666666666	0.016666666666666666	0.016666666666666666	0.016666666666666666	0.85	0.016666666666666666	0.016666666666666666
0.42000000000000004	0.42000000000000004	0.02	0.02	0.02	0.02	0.02	0.02	0.02	0.02
0.02	0.02	0.02	0.02	0.02	0.62	0.02	0.02	0.02	0.22000000000000003
0.275	0.025	0.025	0.525	0.025	0.025	0.025	0.025	0.025	0.025
0.1	0.1	0.1	0.1	0.1	0.1	0.1	0.1	0.1	0.1
0.1	0.1	0.1	0.1	0.1	0.1	0.1	0.1	0.1	0.1
0.1	0.1	0.1	0.1	0.1	0.1	0.1	0.1	0.1	0.1
0.00625	0.00625	0.00625	0.00625	0.00625	0.00625	0.00625	0.94375	0.00625	0.00625
0.1	0.1	0.1	0.1	0.1	0.1	0.1	0.1	0.1	0.1
0.1	0.1	0.1	0.1	0.1	0.1	0.1	0.1	0.1	0.1
0.1	0.1	0.1	0.1	0.1	0.1	0.1	0.1	0.1	0.1
0.1	0.1	0.1	0.1	0.1	0.1	0.1	0.1	0.1	0.1
0.03333333333333333	0.3666666666666667	0.03333333333333333	0.03333333333333333	0.03333333333333333	0.03333333333333333	0.3666666666666667	0.03333333333333333	0.03333333333333333	0.03333333333333333
0.011111111111111112	0.011111111111111112	0.011111111111111112	0.12222222222222223	0.7888888888888889	0.011111111111111112	0.011111111111111112	0.011111111111111112	0.011111111111111112	0.011111111111111112
0.1	0.1	0.1	0.1	0.1	0.1	0.1	0.1	0.1	0.1
0.1	0.1	0.1	0.1	0.1	0.1	0.1	0.1	0.1	0.1
0.1	0.1	0.1	0.1	0.1	0.1	0.1	0.1	0.1	0.1
0.1	0.1	0.1	0.1	0.1	0.1	0.1	0.1	0.1	0.1
0.1	0.1	0.1	0.1	0.1	0.1	0.1	0.1	0.1	0.1
0.1	0.1	0.1	0.1	0.1	0.1	0.1	0.1	0.1	0.1
0.1	0.1	0.1	0.1	0.1	0.1	0.1	0.1	0.1	0.1
0.1	0.1	0.1	0.1	0.1	0.1	0.1	0.1	0.1	0.1
0.1	0.1	0.1	0.1	0.1	0.1	0.1	0.1	0.1	0.1
0.1	0.1	0.1	0.1	0.1	0.1	0.1	0.1	0.1	0.1
0.1	0.1	0.1	0.1	0.1	0.1	0.1	0.1	0.1	0.1
0.1	0.1	0.1	0.1	0.1	0.1	0.1	0.1	0.1	0.1
0.1	0.1	0.1	0.1	0.1	0.1	0.1	0.1	0.1	0.1
0.1	0.1	0.1	0.1	0.1	0.1	0.1	0.1	0.1	0.1
0.1	0.1	0.1	0.1	0.1	0.1	0.1	0.1	0.1	0.1
0.02	0.02	0.62	0.02	0.02	0.02	0.22000000000000003	0.02	0.02	0.02
0.03333333333333333	0.3666666666666667	0.03333333333333333	0.03333333333333333	0.03333333333333333	0.03333333333333333	0.3666666666666667	0.03333333333333333	0.03333333333333333	0.03333333333333333
0.05	0.05	0.05	0.05	0.05	0.05	0.05	0.05	0.05	0.55
0.05	0.05	0.05	0.05	0.05	0.05	0.05	0.05	0.05	0.55
0.05	0.05	0.05	0.05	0.05	0.05	0.05	0.55	0.05	0.05
0.025	0.025	0.025	0.025	0.775	0.025	0.025	0.025	0.025	0.025
0.0125	0.0125	0.0125	0.0125	0.8875	0.0125	0.0125	0.0125	0.0125	0.0125
0.4428571428571429	0.15714285714285717	0.014285714285714287	0.014285714285714287	0.3	0.014285714285714287	0.014285714285714287	0.014285714285714287	0.014285714285714287	0.014285714285714287
0.02	0.02	0.02	0.02	0.82	0.02	0.02	0.02	0.02	0.02
0.0125	0.0125	0.0125	0.0125	0.7625	0.0125	0.0125	0.0125	0.1375	0.0125
0.4428571428571429	0.3	0.014285714285714287	0.014285714285714287	0.15714285714285717	0.014285714285714287	0.014285714285714287	0.014285714285714287	0.014285714285714287	0.014285714285714287
0.1	0.1	0.1	0.1	0.1	0.1	0.1	0.1	0.1	0.1
0.025	0.025	0.025	0.025	0.025	0.025	0.025	0.025	0.775	0.025
0.05	0.05	0.05	0.05	0.05	0.05	0.05	0.05	0.55	0.05
0.05	0.05	0.05	0.05	0.05	0.05	0.05	0.05	0.55	0.05
0.05	0.05	0.05	0.05	0.05	0.05	0.05	0.05	0.55	0.05
0.1	0.1	0.1	0.1	0.1	0.1	0.1	0.1	0.1	0.1
0.1	0.1	0.1	0.1	0.1	0.1	0.1	0.1	0.1	0.1
0.1	0.1	0.1	0.1	0.1	0.1	0.1	0.1	0.1	0.1
0.1	0.1	0.1	0.1	0.1	0.1	0.1	0.1	0.1	0.1
0.016666666666666666	0.016666666666666666	0.016666666666666666	0.016666666666666666	0.18333333333333335	0.5166666666666667	0.016666666666666666	0.016666666666666666	0.18333333333333335	0.016666666666666666
0.1	0.1	0.1	0.1	0.1	0.1	0.1	0.1	0.1	0.1
0.1	0.1	0.1	0.1	0.1	0.1	0.1	0.1	0.1	0.1
0.011111111111111112	0.4555555555555555	0.011111111111111112	0.011111111111111112	0.4555555555555555	0.011111111111111112	0.011111111111111112	0.011111111111111112	0.011111111111111112	0.011111111111111112
0.1	0.1	0.1	0.1	0.1	0.1	0.1	0.1	0.1	0.1
0.1	0.1	0.1	0.1	0.1	0.1	0.1	0.1	0.1	0.1
0.275	0.025	0.275	0.025	0.025	0.275	0.025	0.025	0.025	0.025
0.1	0.1	0.1	0.1	0.1	0.1	0.1	0.1	0.1	0.1
0.1	0.1	0.1	0.1	0.1	0.1	0.1	0.1	0.1	0.1
0.1	0.1	0.1	0.1	0.1	0.1	0.1	0.1	0.1	0.1
0.1	0.1	0.1	0.1	0.1	0.1	0.1	0.1	0.1	0.1
0.1	0.1	0.1	0.1	0.1	0.1	0.1	0.1	0.1	0.1
0.02	0.02	0.82	0.02	0.02	0.02	0.02	0.02	0.02	0.02
0.03333333333333333	0.3666666666666667	0.03333333333333333	0.03333333333333333	0.03333333333333333	0.03333333333333333	0.3666666666666667	0.03333333333333333	0.03333333333333333	0.03333333333333333
0.05	0.05	0.05	0.05	0.05	0.05	0.05	0.05	0.05	0.55
0.05	0.05	0.05	0.05	0.05	0.05	0.05	0.05	0.05	0.55
0.03333333333333333	0.03333333333333333	0.03333333333333333	0.7000000000000001	0.03333333333333333	0.03333333333333333	0.03333333333333333	0.03333333333333333	0.03333333333333333	0.03333333333333333
0.02	0.02	0.02	0.02	0.02	0.02	0.02	0.82	0.02	0.02
0.05	0.05	0.05	0.05	0.05	0.05	0.05	0.05	0.05	0.55
0.05	0.05	0.05	0.05	0.05	0.05	0.55	0.05	0.05	0.05
0.1	0.1	0.1	0.1	0.1	0.1	0.1	0.1	0.1	0.1
0.03333333333333333	0.03333333333333333	0.03333333333333333	0.03333333333333333	0.7000000000000001	0.03333333333333333	0.03333333333333333	0.03333333333333333	0.03333333333333333	0.03333333333333333
0.025	0.025	0.025	0.025	0.775	0.025	0.025	0.025	0.025	0.025
0.014285714285714287	0.014285714285714287	0.014285714285714287	0.014285714285714287	0.3	0.014285714285714287	0.5857142857142856	0.014285714285714287	0.014285714285714287	0.014285714285714287
0.016666666666666666	0.016666666666666666	0.016666666666666666	0.016666666666666666	0.016666666666666666	0.016666666666666666	0.016666666666666666	0.85	0.016666666666666666	0.016666666666666666
0.05	0.05	0.05	0.05	0.05	0.05	0.05	0.05	0.55	0.05
0.00625	0.00625	0.00625	0.00625	0.00625	0.00625	0.06875	0.88125	0.00625	0.00625
0.016666666666666666	0.016666666666666666	0.016666666666666666	0.016666666666666666	0.016666666666666666	0.5166666666666667	0.016666666666666666	0.35000000000000003	0.016666666666666666	0.016666666666666666
0.05	0.05	0.05	0.05	0.05	0.05	0.05	0.05	0.55	0.05
0.0125	0.0125	0.0125	0.0125	0.1375	0.7625	0.0125	0.0125	0.0125	0.0125
0.275	0.025	0.025	0.025	0.025	0.525	0.025	0.025	0.025	0.025
0.03333333333333333	0.03333333333333333	0.03333333333333333	0.03333333333333333	0.03333333333333333	0.03333333333333333	0.03333333333333333	0.03333333333333333	0.7000000000000001	0.03333333333333333
0.275	0.025	0.025	0.025	0.025	0.025	0.025	0.525	0.025	0.025
0.03333333333333333	0.03333333333333333	0.03333333333333333	0.03333333333333333	0.03333333333333333	0.03333333333333333	0.03333333333333333	0.03333333333333333	0.7000000000000001	0.03333333333333333
0.025	0.025	0.025	0.025	0.025	0.025	0.775	0.025	0.025	0.025
0.1	0.1	0.1	0.1	0.1	0.1	0.1	0.1	0.1	0.1
0.02	0.02	0.02	0.02	0.82	0.02	0.02	0.02	0.02	0.02
0.014285714285714287	0.014285714285714287	0.014285714285714287	0.014285714285714287	0.014285714285714287	0.014285714285714287	0.8714285714285713	0.014285714285714287	0.014285714285714287	0.014285714285714287
0.016666666666666666	0.016666666666666666	0.016666666666666666	0.016666666666666666	0.016666666666666666	0.016666666666666666	0.18333333333333335	0.6833333333333332	0.016666666666666666	0.016666666666666666
0.05	0.05	0.05	0.05	0.05	0.05	0.05	0.05	0.55	0.05
0.00625	0.00625	0.00625	0.00625	0.00625	0.00625	0.06875	0.88125	0.00625	0.00625
0.016666666666666666	0.016666666666666666	0.016666666666666666	0.016666666666666666	0.016666666666666666	0.5166666666666667	0.016666666666666666	0.35000000000000003	0.016666666666666666	0.016666666666666666
0.05	0.05	0.05	0.05	0.05	0.05	0.05	0.05	0.55	0.05
0.0125	0.0125	0.0125	0.0125	0.0125	0.7625	0.1375	0.0125	0.0125	0.0125
0.025	0.025	0.025	0.025	0.025	0.525	0.275	0.025	0.025	0.025
0.03333333333333333	0.03333333333333333	0.03333333333333333	0.03333333333333333	0.03333333333333333	0.03333333333333333	0.03333333333333333	0.03333333333333333	0.7000000000000001	0.03333333333333333
0.275	0.025	0.025	0.025	0.025	0.025	0.025	0.525	0.025	0.025
0.03333333333333333	0.03333333333333333	0.03333333333333333	0.03333333333333333	0.03333333333333333	0.03333333333333333	0.03333333333333333	0.03333333333333333	0.7000000000000001	0.03333333333333333
0.025	0.025	0.025	0.025	0.275	0.025	0.525	0.025	0.025	0.025
0.05	0.05	0.05	0.05	0.05	0.05	0.05	0.05	0.55	0.05
0.1	0.1	0.1	0.1	0.1	0.1	0.1	0.1	0.1	0.1
0.025	0.025	0.025	0.025	0.025	0.025	0.025	0.025	0.775	0.025
0.05	0.05	0.05	0.05	0.05	0.05	0.05	0.05	0.55	0.05
0.1	0.1	0.1	0.1	0.1	0.1	0.1	0.1	0.1	0.1
0.05	0.05	0.05	0.05	0.05	0.05	0.05	0.05	0.55	0.05
0.05	0.05	0.05	0.05	0.05	0.05	0.05	0.05	0.55	0.05
0.1	0.1	0.1	0.1	0.1	0.1	0.1	0.1	0.1	0.1
0.1	0.1	0.1	0.1	0.1	0.1	0.1	0.1	0.1	0.1
0.1	0.1	0.1	0.1	0.1	0.1	0.1	0.1	0.1	0.1
0.1	0.1	0.1	0.1	0.1	0.1	0.1	0.1	0.1	0.1
0.016666666666666666	0.35000000000000003	0.016666666666666666	0.016666666666666666	0.35000000000000003	0.016666666666666666	0.18333333333333335	0.016666666666666666	0.016666666666666666	0.016666666666666666
0.1	0.1	0.1	0.1	0.1	0.1	0.1	0.1	0.1	0.1
0.025	0.025	0.025	0.025	0.025	0.025	0.025	0.775	0.025	0.025
0.1	0.1	0.1	0.1	0.1	0.1	0.1	0.1	0.1	0.1
0.006666666666666667	0.006666666666666667	0.006666666666666667	0.006666666666666667	0.006666666666666667	0.006666666666666667	0.006666666666666667	0.94	0.006666666666666667	0.006666666666666667
0.1	0.1	0.1	0.1	0.1	0.1	0.1	0.1	0.1	0.1
0.1	0.1	0.1	0.1	0.1	0.1	0.1	0.1	0.1	0.1
0.025	0.025	0.025	0.025	0.025	0.025	0.025	0.775	0.025	0.025
0.1	0.1	0.1	0.1	0.1	0.1	0.1	0.1	0.1	0.1
0.025	0.025	0.025	0.025	0.025	0.525	0.025	0.025	0.025	0.275
0.1	0.1	0.1	0.1	0.1	0.1	0.1	0.1	0.1	0.1
0.1	0.1	0.1	0.1	0.1	0.1	0.1	0.1	0.1	0.1
0.1	0.1	0.1	0.1	0.1	0.1	0.1	0.1	0.1	0.1
0.1	0.1	0.1	0.1	0.1	0.1	0.1	0.1	0.1	0.1
0.1	0.1	0.1	0.1	0.1	0.1	0.1	0.1	0.1	0.1
0.1	0.1	0.1	0.1	0.1	0.1	0.1	0.1	0.1	0.1
0.0125	0.0125	0.0125	0.0125	0.6375	0.0125	0.2625	0.0125	0.0125	0.0125
0.1	0.1	0.1	0.1	0.1	0.1	0.1	0.1	0.1	0.1
0.1	0.1	0.1	0.1	0.1	0.1	0.1	0.1	0.1	0.1
0.1	0.1	0.1	0.1	0.1	0.1	0.1	0.1	0.1	0.1
0.1	0.1	0.1	0.1	0.1	0.1	0.1	0.1	0.1	0.1
0.1	0.1	0.1	0.1	0.1	0.1	0.1	0.1	0.1	0.1
0.1	0.1	0.1	0.1	0.1	0.1	0.1	0.1	0.1	0.1
0.02	0.02	0.82	0.02	0.02	0.02	0.02	0.02	0.02	0.02
0.03333333333333333	0.3666666666666667	0.03333333333333333	0.03333333333333333	0.03333333333333333	0.03333333333333333	0.3666666666666667	0.03333333333333333	0.03333333333333333	0.03333333333333333
0.05	0.05	0.05	0.05	0.05	0.05	0.05	0.05	0.05	0.55
0.05	0.05	0.05	0.05	0.05	0.05	0.05	0.05	0.05	0.55
0.03333333333333333	0.03333333333333333	0.03333333333333333	0.7000000000000001	0.03333333333333333	0.03333333333333333	0.03333333333333333	0.03333333333333333	0.03333333333333333	0.03333333333333333
0.02	0.02	0.02	0.02	0.02	0.02	0.02	0.82	0.02	0.02
0.05	0.05	0.05	0.05	0.05	0.05	0.05	0.05	0.05	0.55
0.05	0.05	0.05	0.05	0.05	0.05	0.55	0.05	0.05	0.05
0.03333333333333333	0.03333333333333333	0.03333333333333333	0.03333333333333333	0.7000000000000001	0.03333333333333333	0.03333333333333333	0.03333333333333333	0.03333333333333333	0.03333333333333333
0.1	0.1	0.1	0.1	0.1	0.1	0.1	0.1	0.1	0.1
0.1	0.1	0.1	0.1	0.1	0.1	0.1	0.1	0.1	0.1
0.025	0.025	0.025	0.025	0.025	0.025	0.025	0.025	0.775	0.025
0.05	0.05	0.05	0.05	0.05	0.05	0.05	0.05	0.55	0.05
0.05	0.05	0.05	0.05	0.05	0.05	0.05	0.05	0.55	0.05
0.05	0.05	0.05	0.05	0.05	0.05	0.05	0.05	0.55	0.05
0.1	0.1	0.1	0.1	0.1	0.1	0.1	0.1	0.1	0.1
0.1	0.1	0.1	0.1	0.1	0.1	0.1	0.1	0.1	0.1
0.1	0.1	0.1	0.1	0.1	0.1	0.1	0.1	0.1	0.1
0.1	0.1	0.1	0.1	0.1	0.1	0.1	0.1	0.1	0.1
0.1	0.1	0.1	0.1	0.1	0.1	0.1	0.1	0.1	0.1
0.1	0.1	0.1	0.1	0.1	0.1	0.1	0.1	0.1	0.1
0.1	0.1	0.1	0.1	0.1	0.1	0.1	0.1	0.1	0.1
0.1	0.1	0.1	0.1	0.1	0.1	0.1	0.1	0.1	0.1
0.1	0.1	0.1	0.1	0.1	0.1	0.1	0.1	0.1	0.1
0.1	0.1	0.1	0.1	0.1	0.1	0.1	0.1	0.1	0.1
0.1	0.1	0.1	0.1	0.1	0.1	0.1	0.1	0.1	0.1
0.1	0.1	0.1	0.1	0.1	0.1	0.1	0.1	0.1	0.1
0.1	0.1	0.1	0.1	0.1	0.1	0.1	0.1	0.1	0.1
